# SAMPLE     FS   CROSSECTION[pb]     K-FACTOR     FILTEREFF   REL.UNCERT
373162   111      0.0000483792   1.00000000    1.00000000   0.07343304
373162   112      0.5688367805   1.00000000    1.00000000   0.06957537
373162   113      0.0000143477   1.00000000    1.00000000   0.07602580
373162   115      0.6714869622   1.00000000    1.00000000   0.06427526
373162   117      0.3904367921   1.00000000    1.00000000   0.08537809
373162   118      0.0000000006   1.00000000    1.00000000   0.16556684
373162   123      0.0130882317   1.00000000    1.00000000   0.06450252
373162   125      0.6190944538   1.00000000    1.00000000   0.06319481
373162   126      0.0000000009   1.00000000    1.00000000   0.17055846
373162   127      0.3560026712   1.00000000    1.00000000   0.08389064
373162   133      0.0000051168   1.00000000    1.00000000   0.08039770
373162   134      0.0000000105   1.00000000    1.00000000   0.11725173
373162   135      0.0161731450   1.00000000    1.00000000   0.05572888
373162   137      0.0085263192   1.00000000    1.00000000   0.07659916
373162   138      0.0000000048   1.00000000    1.00000000   0.19355612
373162   146      0.0000000010   1.00000000    1.00000000   0.94995213
373162   148      0.0000000004   1.00000000    1.00000000   0.61785919
373162   157      0.5521394832   1.00000000    1.00000000   0.07204170
373162   158      0.0000000005   1.00000000    1.00000000   0.10295209
373162   168      0.0000000016   1.00000000    1.00000000   0.42734766
373163   111      0.0000196714   1.00000000    1.00000000   0.07428763
373163   112      0.1758869805   1.00000000    1.00000000   0.06980716
373163   113      0.0000061260   1.00000000    1.00000000   0.06978701
373163   115      0.2160204868   1.00000000    1.00000000   0.05966205
373163   117      0.1177445654   1.00000000    1.00000000   0.08068680
373163   118      0.0000000013   1.00000000    1.00000000   0.17432446
373163   123      0.0204883285   1.00000000    1.00000000   0.06278053
373163   125      0.2239407428   1.00000000    1.00000000   0.06049986
373163   126      0.0000000010   1.00000000    1.00000000   0.16748837
373163   127      0.1193664518   1.00000000    1.00000000   0.07533479
373163   133      0.0000042444   1.00000000    1.00000000   0.07812131
373163   134      0.0000000095   1.00000000    1.00000000   0.11974973
373163   135      0.0259361106   1.00000000    1.00000000   0.05566314
373163   137      0.0132648086   1.00000000    1.00000000   0.07927991
373163   138      0.0000000041   1.00000000    1.00000000   0.19517684
373163   146      0.0000000010   1.00000000    1.00000000   0.95165096
373163   148      0.0000000004   1.00000000    1.00000000   0.61759968
373163   157      0.1948856648   1.00000000    1.00000000   0.06664596
373163   158      0.0000000005   1.00000000    1.00000000   0.10662261
373163   168      0.0000000016   1.00000000    1.00000000   0.42717091
373164   111      0.0000074939   1.00000000    1.00000000   0.07542214
373164   112      0.0673675481   1.00000000    1.00000000   0.06184319
373164   113      0.0000035810   1.00000000    1.00000000   0.06769921
373164   115      0.0850827119   1.00000000    1.00000000   0.05658214
373164   117      0.0435884294   1.00000000    1.00000000   0.07583843
373164   118      0.0000000017   1.00000000    1.00000000   0.18293018
373164   123      0.0155699186   1.00000000    1.00000000   0.06331602
373164   125      0.0991679171   1.00000000    1.00000000   0.06269414
373164   126      0.0000000010   1.00000000    1.00000000   0.16787361
373164   127      0.0495491210   1.00000000    1.00000000   0.07607020
373164   133      0.0000026593   1.00000000    1.00000000   0.07750297
373164   134      0.0000000079   1.00000000    1.00000000   0.12365700
373164   135      0.0200144632   1.00000000    1.00000000   0.05860450
373164   137      0.0097090776   1.00000000    1.00000000   0.07283392
373164   138      0.0000000034   1.00000000    1.00000000   0.20235294
373164   146      0.0000000010   1.00000000    1.00000000   0.95172919
373164   148      0.0000000004   1.00000000    1.00000000   0.62130314
373164   157      0.0842664222   1.00000000    1.00000000   0.06446239
373164   158      0.0000000005   1.00000000    1.00000000   0.11122051
373164   168      0.0000000016   1.00000000    1.00000000   0.42717091
373165   111      0.0000009969   1.00000000    1.00000000   0.08631863
373165   112      0.0046473042   1.00000000    1.00000000   0.06252960
373165   113      0.0000014548   1.00000000    1.00000000   0.08551626
373165   115      0.0065038290   1.00000000    1.00000000   0.06199368
373165   117      0.0027270680   1.00000000    1.00000000   0.07787659
373165   118      0.0000000015   1.00000000    1.00000000   0.22306360
373165   123      0.0025423822   1.00000000    1.00000000   0.06617429
373165   125      0.0097880782   1.00000000    1.00000000   0.06417496
373165   126      0.0000000010   1.00000000    1.00000000   0.19527036
373165   127      0.0040460179   1.00000000    1.00000000   0.07974329
373165   133      0.0000007009   1.00000000    1.00000000   0.08824995
373165   134      0.0000000044   1.00000000    1.00000000   0.13295246
373165   135      0.0036012646   1.00000000    1.00000000   0.06313426
373165   137      0.0014632289   1.00000000    1.00000000   0.07980372
373165   138      0.0000000017   1.00000000    1.00000000   0.23412886
373165   146      0.0000000010   1.00000000    1.00000000   0.95161411
373165   148      0.0000000004   1.00000000    1.00000000   0.62082802
373165   157      0.0077256870   1.00000000    1.00000000   0.06465391
373165   158      0.0000000003   1.00000000    1.00000000   0.12854846
373165   168      0.0000000016   1.00000000    1.00000000   0.43701442
373166   111      0.0000004207   1.00000000    1.00000000   0.09389833
373166   112      0.0007454068   1.00000000    1.00000000   0.07156086
373166   113      0.0000006721   1.00000000    1.00000000   0.10019138
373166   115      0.0011158562   1.00000000    1.00000000   0.08129394
373166   117      0.0004081060   1.00000000    1.00000000   0.08852522
373166   118      0.0000000010   1.00000000    1.00000000   0.25587125
373166   123      0.0005164864   1.00000000    1.00000000   0.07236235
373166   125      0.0018577848   1.00000000    1.00000000   0.07594915
373166   126      0.0000000009   1.00000000    1.00000000   0.23338782
373166   127      0.0006689789   1.00000000    1.00000000   0.08953313
373166   133      0.0000002844   1.00000000    1.00000000   0.09969119
373166   134      0.0000000027   1.00000000    1.00000000   0.15588979
373166   135      0.0007806548   1.00000000    1.00000000   0.07364953
373166   137      0.0002786918   1.00000000    1.00000000   0.08897397
373166   138      0.0000000010   1.00000000    1.00000000   0.26573904
373166   146      0.0000000010   1.00000000    1.00000000   0.95125201
373166   148      0.0000000004   1.00000000    1.00000000   0.61967348
373166   157      0.0013832611   1.00000000    1.00000000   0.07222436
373166   158      0.0000000003   1.00000000    1.00000000   0.13377571
373166   168      0.0000000016   1.00000000    1.00000000   0.43613703
373167   111      0.0000001928   1.00000000    1.00000000   0.11265452
373167   112      0.0001690647   1.00000000    1.00000000   0.07976304
373167   113      0.0000003060   1.00000000    1.00000000   0.11658678
373167   115      0.0002634828   1.00000000    1.00000000   0.07957662
373167   117      0.0000882668   1.00000000    1.00000000   0.10193640
373167   118      0.0000000007   1.00000000    1.00000000   0.28994147
373167   123      0.0001307162   1.00000000    1.00000000   0.08584262
373167   125      0.0004573641   1.00000000    1.00000000   0.07919095
373167   126      0.0000000007   1.00000000    1.00000000   0.27834359
373167   127      0.0001528476   1.00000000    1.00000000   0.10918102
373167   133      0.0000001240   1.00000000    1.00000000   0.11590302
373167   134      0.0000000017   1.00000000    1.00000000   0.17379491
373167   135      0.0002037690   1.00000000    1.00000000   0.07687606
373167   137      0.0000672195   1.00000000    1.00000000   0.10421650
373167   138      0.0000000006   1.00000000    1.00000000   0.30202081
373167   146      0.0000000010   1.00000000    1.00000000   0.95114809
373167   148      0.0000000004   1.00000000    1.00000000   0.61947281
373167   157      0.0003358070   1.00000000    1.00000000   0.08458917
373167   158      0.0000000002   1.00000000    1.00000000   0.15367898
373167   168      0.0000000016   1.00000000    1.00000000   0.43548837
373168    111      0.0000000875   1.00000000    1.00000000   0.12284254
373168    112      0.0000460438   1.00000000    1.00000000   0.08555873
373168    113      0.0000001394   1.00000000    1.00000000   0.12763936
373168    115      0.0000729953   1.00000000    1.00000000   0.08033081
373168    117      0.0000234451   1.00000000    1.00000000   0.11546766
373168    118      0.0000000004   1.00000000    1.00000000   0.32098647
373168    123      0.0000370400   1.00000000    1.00000000   0.08559703
373168    125      0.0001284170   1.00000000    1.00000000   0.07776352
373168    126      0.0000000006   1.00000000    1.00000000   0.32609269
373168    127      0.0000413413   1.00000000    1.00000000   0.11748606
373168    133      0.0000000559   1.00000000    1.00000000   0.12477397
373168    134      0.0000000011   1.00000000    1.00000000   0.19251497
373168    135      0.0000586009   1.00000000    1.00000000   0.07815473
373168    137      0.0000187582   1.00000000    1.00000000   0.11797319
373168    138      0.0000000004   1.00000000    1.00000000   0.33443308
373168    146      0.0000000010   1.00000000    1.00000000   0.94949850
373168    148      0.0000000004   1.00000000    1.00000000   0.61911014
373168    157      0.0000960345   1.00000000    1.00000000   0.09511602
373168    158      0.0000000001   1.00000000    1.00000000   0.17782976
373168    168      0.0000000016   1.00000000    1.00000000   0.43407814
373169    111      0.0000000405   1.00000000    1.00000000   0.13144410
373169    112      0.0000138985   1.00000000    1.00000000   0.08908945
373169    113      0.0000000628   1.00000000    1.00000000   0.13257368
373169    115      0.0000216177   1.00000000    1.00000000   0.07597744
373169    117      0.0000069620   1.00000000    1.00000000   0.12911311
373169    118      0.0000000003   1.00000000    1.00000000   0.35308357
373169    123      0.0000117158   1.00000000    1.00000000   0.08982418
373169    125      0.0000389724   1.00000000    1.00000000   0.07725703
373169    126      0.0000000004   1.00000000    1.00000000   0.37994438
373169    127      0.0000125437   1.00000000    1.00000000   0.13368596
373169    133      0.0000000246   1.00000000    1.00000000   0.13524524
373169    134      0.0000000007   1.00000000    1.00000000   0.21399462
373169    135      0.0000181822   1.00000000    1.00000000   0.08143815
373169    137      0.0000058456   1.00000000    1.00000000   0.13211652
373169    138      0.0000000002   1.00000000    1.00000000   0.36944336
373169    146      0.0000000010   1.00000000    1.00000000   0.94987205
373169    148      0.0000000004   1.00000000    1.00000000   0.61870440
373169    157      0.0000303016   1.00000000    1.00000000   0.10475885
373169    158      0.0000000001   1.00000000    1.00000000   0.19227894
373169    168      0.0000000016   1.00000000    1.00000000   0.42799415
373170    111      0.0000000183   1.00000000    1.00000000   0.14050576
373170    112      0.0000045095   1.00000000    1.00000000   0.09699840
373170    113      0.0000000280   1.00000000    1.00000000   0.14341359
373170    115      0.0000068377   1.00000000    1.00000000   0.09606926
373170    117      0.0000022295   1.00000000    1.00000000   0.14159217
373170    118      0.0000000002   1.00000000    1.00000000   0.38564637
373170    123      0.0000038998   1.00000000    1.00000000   0.09681863
373170    125      0.0000123752   1.00000000    1.00000000   0.10182652
373170    126      0.0000000004   1.00000000    1.00000000   0.44460873
373170    127      0.0000040761   1.00000000    1.00000000   0.14445712
373170    133      0.0000000108   1.00000000    1.00000000   0.14540132
373170    134      0.0000000004   1.00000000    1.00000000   0.23651903
373170    135      0.0000058591   1.00000000    1.00000000   0.10515964
373170    137      0.0000019292   1.00000000    1.00000000   0.14235816
373170    138      0.0000000001   1.00000000    1.00000000   0.40488252
373170    146      0.0000000010   1.00000000    1.00000000   0.95046685
373170    148      0.0000000004   1.00000000    1.00000000   0.61739460
373170    157      0.0000101841   1.00000000    1.00000000   0.11079055
373170    158      0.0000000001   1.00000000    1.00000000   0.21667490
373170    168      0.0000000017   1.00000000    1.00000000   0.43283590
373171    111      0.0000000082   1.00000000    1.00000000   0.15261233
373171    112      0.0000015153   1.00000000    1.00000000   0.10343270
373171    113      0.0000000122   1.00000000    1.00000000   0.15058040
373171    115      0.0000021490   1.00000000    1.00000000   0.15308617
373171    117      0.0000007514   1.00000000    1.00000000   0.16405692
373171    118      0.0000000001   1.00000000    1.00000000   0.42664683
373171    123      0.0000013609   1.00000000    1.00000000   0.10639535
373171    125      0.0000039580   1.00000000    1.00000000   0.16063389
373171    126      0.0000000003   1.00000000    1.00000000   0.51011275
373171    127      0.0000013998   1.00000000    1.00000000   0.16928182
373171    133      0.0000000046   1.00000000    1.00000000   0.15620664
373171    134      0.0000000003   1.00000000    1.00000000   0.26052759
373171    135      0.0000018990   1.00000000    1.00000000   0.16849261
373171    137      0.0000006762   1.00000000    1.00000000   0.17091710
373171    138      0.0000000001   1.00000000    1.00000000   0.44181641
373171    146      0.0000000010   1.00000000    1.00000000   0.94926716
373171    148      0.0000000004   1.00000000    1.00000000   0.61643812
373171    157      0.0000035862   1.00000000    1.00000000   0.12359206
373171    158      0.0000000001   1.00000000    1.00000000   0.24148550
373171    168      0.0000000017   1.00000000    1.00000000   0.43359025
373172    111      0.0000000037   1.00000000    1.00000000   0.15945040
373172    112      0.0000005296   1.00000000    1.00000000   0.13037763
373172    113      0.0000000052   1.00000000    1.00000000   0.16256417
373172    115      0.0000006810   1.00000000    1.00000000   0.23155553
373172    117      0.0000002591   1.00000000    1.00000000   0.20658631
373172    118      0.0000000001   1.00000000    1.00000000   0.46330451
373172    123      0.0000004971   1.00000000    1.00000000   0.13872247
373172    125      0.0000012685   1.00000000    1.00000000   0.24217293
373172    126      0.0000000002   1.00000000    1.00000000   0.58755680
373172    127      0.0000004899   1.00000000    1.00000000   0.21289004
373172    133      0.0000000019   1.00000000    1.00000000   0.16748024
373172    134      0.0000000002   1.00000000    1.00000000   0.27464148
373172    135      0.0000006254   1.00000000    1.00000000   0.25129108
373172    137      0.0000002426   1.00000000    1.00000000   0.21772403
373172    138      0.0000000000   1.00000000    1.00000000   0.48323784
373172    146      0.0000000010   1.00000000    1.00000000   0.94996834
373172    148      0.0000000005   1.00000000    1.00000000   0.62038948
373172    157      0.0000012951   1.00000000    1.00000000   0.13481067
373172    158      0.0000000001   1.00000000    1.00000000   0.26446172
373172    168      0.0000000017   1.00000000    1.00000000   0.43013883
